080bbb0c 6332 6392 3109
080ea0d8 5756 5728 2815
080ab5e4 4888 4776 2364
08027114 4224 4216 1981
080f6440 3804 3988 1978
080dea70 3656 3764 1822
080e7404 3640 3416 1780
080d1714 3384 3340 1651
080a2680 3128 3088 1494
080ad6d4 3104 3136 1532
080ca60c 2968 2936 1464
08023e70 2756 2728 1242
080eb754 2444 2408 1213
0808f52c 2316 2284 1032
080e302c 2188 2012 1086
08026080 2138 3568 1766
080d89ac 2024 1708 976
08077428 2024 2000 967
080acab8 1980 1764 976
080e823c 1968 1904 961
080bd898 1876 1868 917
0802592c 1876 1964 959
08025200 1836 1796 893
080d52c8 1768 1736 860
080d4604 1764 1444 869
080d5e54 1712 1680 833
080ed408 1648 1864 913
0800cacc 1636 1668 822
08018038 1620 2076 1026
080e40a4 1612 1664 824
080168f4 1592 1624 770
08022b44 1588 1536 751
080cf2b8 1492 1456 725
080dbc30 1468 1376 725
080cfef4 1396 1328 679
080c9ca8 1340 1192 660
080c972c 1332 1200 652
080e1040 1308 1332 635
080e94b8 1288 1232 609
080b0aac 1272 1248 618
08099da4 1264 1296 636
080d05fc 1240 1084 605
080dd2c4 1208 1260 620
080da6cc 1192 1196 579
080d33c0 1172 1104 570
08020bd8 1172 1244 614
080a4924 1168 1088 546
0801d4cc 1152 1168 561
080d3c80 1132 1016 557
080db264 1124 1104 540
080fae58 1098 1068 547
080d41a4 1096 1044 540
080db6e0 1092 1036 536
080d3854 1068 1048 519
080da2ac 1056 984 515
080ae2f4 1056 972 517
0808bec0 1052 986 511
080cb7f8 1044 996 499
0808d9a4 1044 996 504
080ceb54 1040 984 509
080d0ad4 1036 920 502
0801de5c 1028 904 470
080be378 1012 3480 1608
0801f200 980 976 473
080e6eac 976 988 481
080e08c0 964 992 481
080d1350 964 924 466
080a112c 964 980 465
0801d108 964 964 425
080e2538 956 904 451
080dfe2c 952 892 466
080e698c 944 920 445
080dfa48 916 852 447
080d0ee0 908 1112 543
080cc5d8 904 900 395
080ca1fc 896 804 428
080bd424 896 828 410
080d85d0 888 868 407
080ce4e8 884 844 423
080c1ffc 876 928 448
080d4ce8 874 1296 636
080a8114 870 986 478
0801c49c 864 836 414
080109e8 864 900 435
080e0564 860 852 353
080cb1a4 840 804 396
08092c40 836 840 393
080e01e4 832 800 407
080a414c 832 960 464
08098cd8 832 820 331
080a38d0 824 792 396
080d82b0 800 764 384
080a5cc0 798 754 334
0800df04 796 784 374
0800d340 788 732 383
080cb4ec 780 740 379
080ed104 772 732 375
080a8604 768 768 354
0801e41c 768 784 283
0800b388 762 734 370
080c2724 740 608 348
08096140 732 732 226
080ce85c 724 724 322
080a4f08 712 700 278
080ba2c0 708 704 316
080a60d4 688 708 340
080ddde0 684 1300 634
080dc6bc 684 660 326
080ceff8 680 648 320
080d59b0 664 660 257
080d9fc8 644 648 308
080ccc38 644 620 302
080b88d0 632 632 267
080ba6ac 620 584 302
080f9c90 616 728 363
080dc454 616 616 241
080dc1ec 616 636 289
080ba978 612 616 271
080b7b6c 612 600 296
0808a8e4 612 560 302
080c1470 608 584 270
0808b3ec 608 580 297
0808e9c0 596 624 267
0800c62c 592 596 289
08018cac 590 538 285
080c11ec 588 580 279
080ccebc 584 568 271
080dd77c 580 568 269
080b362c 576 596 280
080965a8 572 568 213
080c24f0 564 584 283
0809537c 564 472 257
080b6148 560 630 314
080111b4 560 568 231
08010000 560 560 251
08093c00 552 544 261
08029554 552 528 264
0800fb38 548 880 428
080b1bd0 540 536 258
080ecef4 528 516 261
080b1260 528 544 257
080d5c48 524 500 217
080b211c 524 516 250
080a8d34 524 496 241
080b9b30 516 536 220
080a63e4 512 492 246
08018850 512 510 210
080aa56c 508 504 235
080a8914 508 516 238
0808d5dc 508 492 235
080a93a4 500 452 224
08010230 500 500 230
08004fe4 500 500 232
080be18c 492 404 239
08094544 492 492 229
0800daf0 492 464 234
080b3444 488 484 192
080b24e4 484 480 228
08094bbc 484 468 229
080a7850 482 476 226
080a7d68 476 508 244
0809c138 476 508 247
08010e14 476 488 224
0809a484 472 460 218
0800f7f4 472 512 254
0809a8c4 468 464 222
080b1614 464 456 185
080b5368 460 480 233
080b0278 460 464 137
08095dd0 460 460 147
0801ba68 460 476 237
08095c08 456 460 220
08091a58 452 464 214
080c0a24 448 450 181
080b3050 448 436 200
080b2328 444 448 191
0809abb4 444 444 158
0802106c 444 436 202
0808ae74 440 436 200
0801db70 440 436 201
0800d14c 440 476 234
080178b0 436 436 163
080a24d0 432 440 204
08017e88 432 484 233
080b7738 428 408 194
080b5534 428 424 181
080a5388 428 408 205
0800c880 428 408 209
080994d0 424 424 204
080cde90 420 388 201
080b8c1c 412 392 203
080b1f4c 412 384 194
08079460 412 412 176
0801f818 412 380 200
0801d9d4 412 408 161
080d0468 404 404 146
0802977c 404 416 198
0800dd70 404 412 188
08004e54 400 392 171
080cc960 396 384 167
080f62b8 392 372 182
0801ccc0 392 376 185
0800c150 392 372 189
080bb938 388 356 182
080b56e0 388 388 182
08003650 388 360 172
080a6614 384 376 165
080a8f40 380 388 149
080908e0 380 468 233
080f0678 376 338 187
080b8574 376 402 193
08093e28 376 372 153
080e6d3c 368 412 199
080a1fd4 368 340 167
0809bb64 368 372 177
08028c04 368 356 148
0808f32c 364 360 169
080b29a8 360 364 167
080a6b64 360 364 163
080f9080 358 332 174
080f2d54 356 328 171
080bb65c 356 396 191
08005d10 350 404 201
0809b208 348 344 112
080fb518 344 356 158
080c1afc 344 336 158
0809641c 344 336 157
08090658 344 380 188
0808ef70 344 334 167
08021488 344 348 136
08005920 344 340 161
080228e4 340 364 158
08096960 336 320 137
0808cf78 336 320 164
0808ab74 336 352 165
080170f8 336 314 158
08029094 334 320 167
080b9324 332 332 117
0809b698 332 348 161
080f03f0 328 372 159
08096fb0 328 316 155
08095a44 328 316 147
08091890 328 328 147
08017c8c 328 316 136
0802938c 326 276 163
080f731c 324 324 146
0808b674 324 356 177
080056cc 322 346 161
080a9598 320 308 155
080a448c 320 276 157
0809b8f4 320 320 154
0801908c 320 308 146
080f92fc 316 324 154
080a524c 316 316 4
080a15f0 316 284 123
08010788 316 348 163
08010424 316 348 167
080a1e38 314 326 151
080c08ec 312 320 140
0809b450 312 300 144
08096ddc 312 288 154
08021228 312 296 145
0801b010 312 308 145
080cdd58 310 310 35
080c0774 308 324 160
0801dd28 308 300 147
080b5c08 306 292 146
080b75dc 304 288 144
0808ddec 304 304 68
0801776c 304 312 110
080105d4 304 344 162
080a1d08 302 282 146
080a5b94 300 282 146
08028574 300 236 141
08004d2c 296 308 130
080a4800 292 280 143
0808e4b4 292 324 150
0801b248 292 280 144
0801aeec 292 252 136
080123f4 292 288 132
08004ab0 292 288 120
080983a0 288 288 70
080949a8 288 292 60
080207c4 288 260 136
0801ef68 288 254 143
08078ee8 284 280 122
0801a7f4 282 284 122
08017248 282 268 125
080bb7c0 280 286 123
0808bb2c 280 260 131
080162d4 280 184 132
08006240 280 346 172
08003538 280 280 17
080f91e8 276 264 134
08017658 276 284 135
080a68ec 274 276 130
080b9934 272 280 137
080993b0 272 280 136
0808ace0 272 272 97
08019bfc 272 264 128
080b8db8 268 276 122
08098848 268 268 120
08095938 268 370 184
08095778 268 240 133
0801a66c 268 280 110
0801179c 268 256 124
080a1ac0 266 250 119
080c0cec 264 264 40
080c0be4 264 264 51
080ac8fc 264 268 124
08097384 264 168 132
08093af8 264 272 126
080c10e8 260 268 129
080b1868 260 260 74
080aad10 260 288 143
0808d48c 260 258 123
0808ce74 260 244 129
08018efc 260 236 126
0801868c 260 256 125
080108e4 260 276 130
080b6d30 256 272 121
080941e0 256 262 125
08019aa0 256 256 120
080b9dc4 252 244 125
080ad40c 252 236 114
08090488 250 250 82
080cd260 248 252 118
080b5864 248 248 115
08097194 248 248 109
08095680 248 248 70
08021390 248 244 89
08012e28 248 248 97
08011644 248 258 122
0808ba38 244 252 102
08094ac8 242 250 79
080ccaec 240 196 102
080b7424 240 260 116
080b5b18 240 236 95
080a7f44 240 212 115
08093874 240 222 114
0808e14c 240 238 113
080196c4 240 232 112
08010ff0 240 236 118
0808a5f8 236 236 65
08011bf4 236 308 152
08005ee0 234 232 103
08099838 232 228 55
0801bd98 232 234 87
080faa58 228 264 132
080b9470 228 232 97
0800615c 228 232 111
08002e00 228 232 97
0800b6b8 224 244 115
080f0538 220 204 105
08094da0 218 240 118
08016f2c 216 208 60
080b5d3c 214 214 4
080b386c 212 200 98
080f61e8 208 224 100
08021cb8 208 232 115
080f02b0 204 208 80
080a6a98 204 184 101
080935d4 204 212 102
0808f1c0 204 192 97
08010d48 204 192 95
080e46f0 200 184 96
080b5a0c 200 192 92
0808b090 200 204 93
080292c4 200 200 73
0801a5a4 200 188 94
080114a0 200 188 92
0800679c 200 204 101
08022a7c 198 176 94
080982dc 196 192 90
080bad7c 194 160 96
0809509c 194 194 40
0800c004 194 174 96
080cd358 192 196 79
080120dc 192 192 78
0809a738 188 184 89
08092f84 188 188 7
080113e4 188 188 63
080937b8 186 184 39
08005fcc 186 186 55
08016178 184 184 74
08022768 180 180 67
0807a3a8 176 170 85
0801e318 176 160 85
08091494 172 176 73
08020198 172 168 22
080118d8 172 164 84
0800ff54 172 172 68
080d67dc 170 166 62
080a77a4 170 172 76
080f60a0 168 160 70
080a602c 168 176 67
080b60a0 166 168 59
080fa798 164 176 86
0809ba90 164 160 73
08005b64 164 160 78
080a9c18 162 148 75
080f6148 160 148 77
080b08b8 160 142 79
080a46b4 160 160 59
080930bc 160 156 78
08079b24 160 132 80
08028808 160 156 44
0802281c 160 168 81
0801faa8 160 160 11
0801ea3c 160 156 77
0800bb20 160 160 36
080c9048 156 156 76
080a2324 156 160 71
0809a7f4 156 152 76
0800479c 156 132 75
080cdb24 154 144 73
0800ba30 154 168 82
080041d8 154 140 50
08003fa4 152 152 25
080165d8 150 150 30
080164d4 150 130 74
08006878 150 132 68
080c1ebc 148 148 30
080b7548 148 152 67
080b1dec 148 140 51
080a8c2c 148 156 36
0808f498 148 152 60
0808d394 148 148 58
08021848 148 156 36
08006910 148 144 69
080f9438 142 140 39
080f4028 140 140 14
080a8578 140 144 62
08019000 140 140 62
08006af8 140 148 72
08005268 140 156 76
080d6750 138 134 37
080b6c08 136 116 66
0809b86c 136 144 71
0807a7a0 136 132 67
08019854 136 140 59
080167e0 136 136 39
08015f30 136 132 59
0800bbc0 134 142 66
080d66cc 132 132 39
080788c4 132 132 38
0801c8a0 132 132 41
08011f54 132 128 49
08010704 132 144 70
080e3994 128 128 55
080a3354 128 126 24
0808b158 128 124 59
08006a78 128 78 62
080a1a40 126 102 60
080bac6c 124 124 28
08091f14 124 148 46
0801edec 124 116 54
0801cbd4 124 144 71
080160fc 124 124 52
08003e58 124 112 53
0808b320 120 88 49
08021950 120 120 21
080c0700 116 112 54
08011b54 116 124 57
08010560 116 88 56
080c0228 112 124 24
080b84c0 112 112 49
0801cc50 112 128 63
0800fac8 112 116 19
0800300c 112 120 58
080a2144 108 108 32
080979a4 108 112 54
0808b98c 108 116 56
08012388 108 92 52
080cd52c 104 104 30
0801965c 104 104 10
080e7338 102 88 48
080f0614 100 100 31
080b845c 100 104 49
080a40ac 100 96 44
080e73a0 98 72 49
080e727c 98 96 34
080b81c8 96 104 51
080a1f74 96 96 26
080175c0 96 96 33
08011fd8 96 96 10
08003a7c 96 92 43
080f0254 92 88 41
080ae9f0 92 92 13
08097868 92 100 43
08011a84 92 88 44
080c00d8 88 88 35
080944ec 88 88 26
080058ac 88 84 30
080c1fa8 84 84 15
080c0130 84 84 28
080b0840 84 80 41
080ae99c 84 84 36
08021be0 84 84 20
080055d8 84 76 38
08005584 84 76 37
08005490 84 76 38
0800543c 84 76 38
0800447c 84 80 34
08004144 84 64 41
080b7f20 80 84 40
080992f0 80 76 32
08006408 80 80 7
0800567c 80 72 37
0800562c 80 72 37
08005534 80 72 37
080054e4 80 72 37
08004c1c 80 84 31
08004278 80 84 39
080f9c44 76 100 50
080e72e0 76 76 35
080dbb9c 76 76 36
080a3ddc 76 78 25
080063bc 76 76 26
080052f4 76 64 37
080b0a20 74 70 35
080fa4cc 72 88 43
080bd850 72 52 35
08004c6c 72 76 29
08004bd4 72 76 29
080f9ef8 68 68 30
08097a10 68 68 27
08077394 68 68 11
080fa16c 64 80 39
0801c9c0 64 64 28
0800651c 64 72 34
08004cf0 60 64 31
08004cb4 60 64 31
080049ac 60 64 28
080c91a4 56 68 33
080bd7a4 56 36 27
080b6e7c 56 56 24
080a7440 56 58 25
080170c4 52 48 24
080f9b10 48 80 40
080a22f4 48 52 25
08021dfc 48 48 17
080f9b74 46 60 30
080fb2a4 40 32 20
08079390 40 40 18
08011568 40 50 23
08002dd8 40 52 26
080c0eb8 36 64 32
08006f48 36 36 18
080fa280 32 36 18
080f9ac0 32 40 18
080fb410 30 28 15
080f9ae0 28 38 19
080f9c2c 24 32 16
080f9c00 24 36 18
080f9a18 22 18 10
080f9c18 20 28 14
080f9bcc 20 28 14
080f9bb8 20 28 14
080f9b4c 20 30 15
080f9afc 20 28 14
080fa1e8 18 34 17
080fa1d4 18 34 17
080f9be0 18 26 13
080f9ba4 18 26 13
080f9b60 18 26 13
0800230c 16 28 14
080006fc 16 32 16
080f9bf4 10 18 9
080f9b40 10 18 9
